235
0 0
0 10
0 20
0 30
0 40
0 50
0 60
0 70
0 80
0 90
0 100
0 110
0 120
0 130
0 170
0 180
0 190
0 200
0 210
0 220
0 230
0 240
0 250
0 260
0 270
0 280
0 290
10 0
10 290
20 0
20 290
30 0
30 290
40 0
40 290
50 0
50 290
60 0
60 290
70 0
70 290
80 0
80 290
90 0
90 290
100 0
100 290
110 0
110 290
120 0
120 290
130 0
130 290
140 0
140 290
150 0
150 290
160 0
160 290
170 0
170 290
180 0
180 290
190 0
190 290
200 0
200 290
210 0
210 290
220 0
220 290
230 0
230 290
240 0
240 290
250 0
250 290
260 0
260 290
270 0
270 290
280 0
280 290
290 0
290 10
290 20
290 30
290 40
290 50
290 60
290 70
290 80
290 90
290 100
290 110
290 120
290 130
290 170
290 180
290 190
290 200
290 210
290 220
290 230
290 240
290 250
290 260
290 270
290 280
290 290
300 300
40 40
40 50
40 60
40 70
40 80
40 90
40 100
40 110
40 120
40 130
40 140
40 150
40 160
40 170
40 180
40 190
40 200
40 210
40 220
40 230
40 240
40 250
50 40
50 250
60 40
60 250
70 40
70 250
80 40
80 250
90 40
90 250
100 40
100 250
110 40
110 250
120 40
120 250
130 40
130 250
170 40
170 250
180 40
180 250
190 40
190 250
200 40
200 250
210 40
210 250
220 40
220 250
230 40
230 250
240 40
240 250
250 40
250 50
250 60
250 70
250 80
250 90
250 100
250 110
250 120
250 130
250 140
250 150
250 160
250 170
250 180
250 190
250 200
250 210
250 220
250 230
250 240
250 250
80 80
80 90
80 100
80 110
80 120
80 130
80 170
80 180
80 190
80 200
80 210
90 80
90 210
100 80
100 210
110 80
110 210
120 80
120 210
130 80
130 210
140 80
140 210
150 80
150 210
160 80
160 210
170 80
170 210
180 80
180 210
190 80
190 210
200 80
200 210
210 80
210 90
210 100
210 110
210 120
210 130
210 170
210 180
210 190
210 200
210 210