80
20 50
30 50
20 60
30 60
80 50
80 60
90 50
90 60
140 50
140 60
150 50
150 60
200 50
200 60
210 50
210 60
260 50
260 60
270 50
270 60
20 100
30 100
20 110
30 110
80 100
80 110
90 100
90 110
140 100
140 110
150 100
150 110
200 100
200 110
210 100
210 110
260 100
260 110
270 100
270 110
20 200
30 200
20 210
30 210
80 200
80 210
90 200
90 210
140 200
140 210
150 200
150 210
200 200
200 210
210 200
210 210
260 200
260 210
270 200
270 210
20 250
30 250
20 260
30 260
80 250
80 260
90 250
90 260
140 250
140 260
150 250
150 260
200 250
200 260
210 250
210 260
260 250
260 260
270 250
270 260